0.000000000000000000e+00
1.818181818181818232e-01
0.000000000000000000e+00
3.636363636363636465e-01
4.545454545454545303e-01
9.090909090909091161e-02
0.000000000000000000e+00
1.818181818181818232e-01
9.090909090909091161e-02
9.090909090909091161e-02
9.090909090909091161e-02
0.000000000000000000e+00
9.090909090909091161e-02
0.000000000000000000e+00
9.090909090909091161e-02
2.727272727272727071e-01
9.090909090909091161e-02
9.090909090909091161e-02
9.090909090909091161e-02
1.818181818181818232e-01
9.090909090909091161e-02
4.545454545454545303e-01
1.818181818181818232e-01
9.090909090909091161e-02
9.090909090909091161e-02
9.090909090909091161e-02
2.727272727272727071e-01
2.727272727272727071e-01
9.090909090909091161e-02
2.727272727272727071e-01
9.090909090909091161e-02
1.818181818181818232e-01
3.636363636363636465e-01
9.090909090909091161e-02
1.818181818181818232e-01
0.000000000000000000e+00
1.818181818181818232e-01
9.090909090909091161e-02
1.818181818181818232e-01
1.818181818181818232e-01
1.818181818181818232e-01
1.818181818181818232e-01
9.090909090909091161e-02
1.818181818181818232e-01
9.090909090909091161e-02
9.090909090909091161e-02
2.727272727272727071e-01
2.727272727272727071e-01
9.090909090909091161e-02
2.727272727272727071e-01
